# Created by Octave 7.3.0, Sat Mar 11 19:33:30 2023 GMT <unknown@DESKTOP-5CTUSPC>
# name: rawdata
# type: cell
# rows: 59
# columns: 15
# name: <cell-element>
# type: sq_string
# elements: 1
# length: 7
Subject


# name: <cell-element>
# type: scalar
160004


# name: <cell-element>
# type: scalar
160004


# name: <cell-element>
# type: scalar
160004


# name: <cell-element>
# type: scalar
160004


# name: <cell-element>
# type: scalar
160004


# name: <cell-element>
# type: scalar
160004


# name: <cell-element>
# type: scalar
160004


# name: <cell-element>
# type: scalar
160004


# name: <cell-element>
# type: scalar
160004


# name: <cell-element>
# type: scalar
160004


# name: <cell-element>
# type: scalar
160004


# name: <cell-element>
# type: scalar
160004


# name: <cell-element>
# type: scalar
160004


# name: <cell-element>
# type: scalar
160004


# name: <cell-element>
# type: scalar
160004


# name: <cell-element>
# type: scalar
160004


# name: <cell-element>
# type: scalar
160004


# name: <cell-element>
# type: scalar
160004


# name: <cell-element>
# type: scalar
160004


# name: <cell-element>
# type: scalar
160004


# name: <cell-element>
# type: scalar
160004


# name: <cell-element>
# type: scalar
160004


# name: <cell-element>
# type: scalar
160004


# name: <cell-element>
# type: scalar
160004


# name: <cell-element>
# type: scalar
160004


# name: <cell-element>
# type: scalar
160004


# name: <cell-element>
# type: scalar
160004


# name: <cell-element>
# type: scalar
160004


# name: <cell-element>
# type: scalar
160004


# name: <cell-element>
# type: scalar
160004


# name: <cell-element>
# type: scalar
160004


# name: <cell-element>
# type: scalar
160004


# name: <cell-element>
# type: scalar
160004


# name: <cell-element>
# type: scalar
160004


# name: <cell-element>
# type: scalar
160004


# name: <cell-element>
# type: scalar
160004


# name: <cell-element>
# type: scalar
160004


# name: <cell-element>
# type: scalar
160004


# name: <cell-element>
# type: scalar
160004


# name: <cell-element>
# type: scalar
160004


# name: <cell-element>
# type: scalar
160004


# name: <cell-element>
# type: scalar
160004


# name: <cell-element>
# type: scalar
160004


# name: <cell-element>
# type: scalar
160004


# name: <cell-element>
# type: scalar
160004


# name: <cell-element>
# type: scalar
160004


# name: <cell-element>
# type: scalar
160004


# name: <cell-element>
# type: scalar
160004


# name: <cell-element>
# type: scalar
160004


# name: <cell-element>
# type: scalar
160004


# name: <cell-element>
# type: scalar
160004


# name: <cell-element>
# type: scalar
160004


# name: <cell-element>
# type: scalar
160004


# name: <cell-element>
# type: scalar
160004


# name: <cell-element>
# type: scalar
160004


# name: <cell-element>
# type: scalar
160004


# name: <cell-element>
# type: scalar
160004


# name: <cell-element>
# type: scalar
160004



# name: <cell-element>
# type: sq_string
# elements: 1
# length: 8
BlockNum


# name: <cell-element>
# type: sq_string
# elements: 1
# length: 7
SqPrac1


# name: <cell-element>
# type: sq_string
# elements: 1
# length: 7
SqPrac1


# name: <cell-element>
# type: sq_string
# elements: 1
# length: 7
SqPrac2


# name: <cell-element>
# type: sq_string
# elements: 1
# length: 7
SqPrac2


# name: <cell-element>
# type: sq_string
# elements: 1
# length: 7
SqPrac2


# name: <cell-element>
# type: sq_string
# elements: 1
# length: 5
Symm1


# name: <cell-element>
# type: sq_string
# elements: 1
# length: 5
Symm1


# name: <cell-element>
# type: sq_string
# elements: 1
# length: 5
Symm1


# name: <cell-element>
# type: sq_string
# elements: 1
# length: 5
Symm1


# name: <cell-element>
# type: sq_string
# elements: 1
# length: 5
Symm1


# name: <cell-element>
# type: sq_string
# elements: 1
# length: 5
Symm1


# name: <cell-element>
# type: sq_string
# elements: 1
# length: 9
CombPrac1


# name: <cell-element>
# type: sq_string
# elements: 1
# length: 9
CombPrac1


# name: <cell-element>
# type: sq_string
# elements: 1
# length: 9
CombPrac2


# name: <cell-element>
# type: sq_string
# elements: 1
# length: 9
CombPrac2


# name: <cell-element>
# type: sq_string
# elements: 1
# length: 9
CombPrac2


# name: <cell-element>
# type: scalar
1


# name: <cell-element>
# type: scalar
1


# name: <cell-element>
# type: scalar
2


# name: <cell-element>
# type: scalar
2


# name: <cell-element>
# type: scalar
2


# name: <cell-element>
# type: scalar
2


# name: <cell-element>
# type: scalar
3


# name: <cell-element>
# type: scalar
3


# name: <cell-element>
# type: scalar
3


# name: <cell-element>
# type: scalar
4


# name: <cell-element>
# type: scalar
4


# name: <cell-element>
# type: scalar
4


# name: <cell-element>
# type: scalar
4


# name: <cell-element>
# type: scalar
4


# name: <cell-element>
# type: scalar
5


# name: <cell-element>
# type: scalar
5


# name: <cell-element>
# type: scalar
5


# name: <cell-element>
# type: scalar
6


# name: <cell-element>
# type: scalar
6


# name: <cell-element>
# type: scalar
7


# name: <cell-element>
# type: scalar
7


# name: <cell-element>
# type: scalar
7


# name: <cell-element>
# type: scalar
8


# name: <cell-element>
# type: scalar
8


# name: <cell-element>
# type: scalar
8


# name: <cell-element>
# type: scalar
8


# name: <cell-element>
# type: scalar
9


# name: <cell-element>
# type: scalar
9


# name: <cell-element>
# type: scalar
10


# name: <cell-element>
# type: scalar
10


# name: <cell-element>
# type: scalar
10


# name: <cell-element>
# type: scalar
10


# name: <cell-element>
# type: scalar
11


# name: <cell-element>
# type: scalar
11


# name: <cell-element>
# type: scalar
11


# name: <cell-element>
# type: scalar
11


# name: <cell-element>
# type: scalar
11


# name: <cell-element>
# type: scalar
12


# name: <cell-element>
# type: scalar
12


# name: <cell-element>
# type: scalar
12


# name: <cell-element>
# type: scalar
12


# name: <cell-element>
# type: scalar
12



# name: <cell-element>
# type: sq_string
# elements: 1
# length: 9
BlockSize


# name: <cell-element>
# type: scalar
2


# name: <cell-element>
# type: scalar
2


# name: <cell-element>
# type: scalar
3


# name: <cell-element>
# type: scalar
3


# name: <cell-element>
# type: scalar
3


# name: <cell-element>
# type: scalar
6


# name: <cell-element>
# type: scalar
6


# name: <cell-element>
# type: scalar
6


# name: <cell-element>
# type: scalar
6


# name: <cell-element>
# type: scalar
6


# name: <cell-element>
# type: scalar
6


# name: <cell-element>
# type: scalar
2


# name: <cell-element>
# type: scalar
2


# name: <cell-element>
# type: scalar
3


# name: <cell-element>
# type: scalar
3


# name: <cell-element>
# type: scalar
3


# name: <cell-element>
# type: scalar
2


# name: <cell-element>
# type: scalar
2


# name: <cell-element>
# type: scalar
4


# name: <cell-element>
# type: scalar
4


# name: <cell-element>
# type: scalar
4


# name: <cell-element>
# type: scalar
4


# name: <cell-element>
# type: scalar
3


# name: <cell-element>
# type: scalar
3


# name: <cell-element>
# type: scalar
3


# name: <cell-element>
# type: scalar
5


# name: <cell-element>
# type: scalar
5


# name: <cell-element>
# type: scalar
5


# name: <cell-element>
# type: scalar
5


# name: <cell-element>
# type: scalar
5


# name: <cell-element>
# type: scalar
3


# name: <cell-element>
# type: scalar
3


# name: <cell-element>
# type: scalar
3


# name: <cell-element>
# type: scalar
2


# name: <cell-element>
# type: scalar
2


# name: <cell-element>
# type: scalar
3


# name: <cell-element>
# type: scalar
3


# name: <cell-element>
# type: scalar
3


# name: <cell-element>
# type: scalar
4


# name: <cell-element>
# type: scalar
4


# name: <cell-element>
# type: scalar
4


# name: <cell-element>
# type: scalar
4


# name: <cell-element>
# type: scalar
2


# name: <cell-element>
# type: scalar
2


# name: <cell-element>
# type: scalar
4


