# Created by Octave 7.3.0, Sat Mar 11 18:33:48 2023 GMT <unknown@DESKTOP-5CTUSPC>
# name: rawdata
# type: cell
# rows: 60
# columns: 15
# name: <cell-element>
# type: sq_string
# elements: 1
# length: 6
SUBJNO


# name: <cell-element>
# type: scalar
152712


# name: <cell-element>
# type: scalar
152712


# name: <cell-element>
# type: scalar
152712


# name: <cell-element>
# type: scalar
152712


# name: <cell-element>
# type: scalar
152712


# name: <cell-element>
# type: scalar
152712


# name: <cell-element>
# type: scalar
152712


# name: <cell-element>
# type: scalar
152712


# name: <cell-element>
# type: scalar
152712


# name: <cell-element>
# type: scalar
152712


# name: <cell-element>
# type: scalar
152712


# name: <cell-element>
# type: scalar
152712


# name: <cell-element>
# type: scalar
152712


# name: <cell-element>
# type: scalar
152712


# name: <cell-element>
# type: scalar
152712


# name: <cell-element>
# type: scalar
152712


# name: <cell-element>
# type: scalar
152712


# name: <cell-element>
# type: scalar
152712


# name: <cell-element>
# type: scalar
152712


# name: <cell-element>
# type: scalar
152712


# name: <cell-element>
# type: scalar
152712


# name: <cell-element>
# type: scalar
152712


# name: <cell-element>
# type: scalar
152712


# name: <cell-element>
# type: scalar
152712


# name: <cell-element>
# type: scalar
152712


# name: <cell-element>
# type: scalar
152712


# name: <cell-element>
# type: scalar
152712


# name: <cell-element>
# type: scalar
152712


# name: <cell-element>
# type: scalar
152712


# name: <cell-element>
# type: scalar
152712


# name: <cell-element>
# type: scalar
152712


# name: <cell-element>
# type: scalar
152712


# name: <cell-element>
# type: scalar
152712


# name: <cell-element>
# type: scalar
152712


# name: <cell-element>
# type: scalar
152712


# name: <cell-element>
# type: scalar
152712


# name: <cell-element>
# type: scalar
152712


# name: <cell-element>
# type: scalar
152712


# name: <cell-element>
# type: scalar
152712


# name: <cell-element>
# type: scalar
152712


# name: <cell-element>
# type: scalar
152712


# name: <cell-element>
# type: scalar
152712


# name: <cell-element>
# type: scalar
152712


# name: <cell-element>
# type: scalar
152712


# name: <cell-element>
# type: scalar
152712


# name: <cell-element>
# type: scalar
152712


# name: <cell-element>
# type: scalar
152712


# name: <cell-element>
# type: scalar
152712


# name: <cell-element>
# type: scalar
152712


# name: <cell-element>
# type: scalar
152712


# name: <cell-element>
# type: scalar
152712


# name: <cell-element>
# type: scalar
152712


# name: <cell-element>
# type: scalar
152712


# name: <cell-element>
# type: scalar
152712


# name: <cell-element>
# type: scalar
152712


# name: <cell-element>
# type: scalar
152712


# name: <cell-element>
# type: scalar
152712


# name: <cell-element>
# type: scalar
152712


# name: <cell-element>
# type: scalar
152712



# name: <cell-element>
# type: sq_string
# elements: 1
# length: 8
BLOCKNUM


# name: <cell-element>
# type: sq_string
# elements: 1
# length: 3
Cal


# name: <cell-element>
# type: sq_string
# elements: 1
# length: 3
Cal


# name: <cell-element>
# type: sq_string
# elements: 1
# length: 3
Cal


# name: <cell-element>
# type: sq_string
# elements: 1
# length: 3
Cal


# name: <cell-element>
# type: sq_string
# elements: 1
# length: 3
Cal


# name: <cell-element>
# type: sq_string
# elements: 1
# length: 3
Cal


# name: <cell-element>
# type: sq_string
# elements: 1
# length: 3
Cal


# name: <cell-element>
# type: sq_string
# elements: 1
# length: 3
Cal


# name: <cell-element>
# type: sq_string
# elements: 1
# length: 3
Cal


# name: <cell-element>
# type: sq_string
# elements: 1
# length: 3
Cal


# name: <cell-element>
# type: sq_string
# elements: 1
# length: 3
Cal


# name: <cell-element>
# type: sq_string
# elements: 1
# length: 3
Cal


# name: <cell-element>
# type: sq_string
# elements: 1
# length: 3
Cal


# name: <cell-element>
# type: sq_string
# elements: 1
# length: 3
Cal


# name: <cell-element>
# type: sq_string
# elements: 1
# length: 3
Cal


# name: <cell-element>
# type: sq_string
# elements: 1
# length: 5
Prac1


# name: <cell-element>
# type: sq_string
# elements: 1
# length: 5
Prac1


# name: <cell-element>
# type: sq_string
# elements: 1
# length: 5
Prac2


# name: <cell-element>
# type: sq_string
# elements: 1
# length: 5
Prac2


# name: <cell-element>
# type: scalar
3


# name: <cell-element>
# type: scalar
3


# name: <cell-element>
# type: scalar
3


# name: <cell-element>
# type: scalar
3


# name: <cell-element>
# type: scalar
4


# name: <cell-element>
# type: scalar
4


# name: <cell-element>
# type: scalar
5


# name: <cell-element>
# type: scalar
5


# name: <cell-element>
# type: scalar
5


# name: <cell-element>
# type: scalar
5


# name: <cell-element>
# type: scalar
6


# name: <cell-element>
# type: scalar
6


# name: <cell-element>
# type: scalar
6


# name: <cell-element>
# type: scalar
7


# name: <cell-element>
# type: scalar
7


# name: <cell-element>
# type: scalar
8


# name: <cell-element>
# type: scalar
8


# name: <cell-element>
# type: scalar
8


# name: <cell-element>
# type: scalar
8


# name: <cell-element>
# type: scalar
8


# name: <cell-element>
# type: scalar
9


# name: <cell-element>
# type: scalar
9


# name: <cell-element>
# type: scalar
9


# name: <cell-element>
# type: scalar
9


# name: <cell-element>
# type: scalar
9


# name: <cell-element>
# type: scalar
9


# name: <cell-element>
# type: scalar
10


# name: <cell-element>
# type: scalar
10


# name: <cell-element>
# type: scalar
10


# name: <cell-element>
# type: scalar
10


# name: <cell-element>
# type: scalar
10


# name: <cell-element>
# type: scalar
10


# name: <cell-element>
# type: scalar
11


# name: <cell-element>
# type: scalar
11


# name: <cell-element>
# type: scalar
11


# name: <cell-element>
# type: scalar
12


# name: <cell-element>
# type: scalar
12


# name: <cell-element>
# type: scalar
12


# name: <cell-element>
# type: scalar
12


# name: <cell-element>
# type: scalar
12



# name: <cell-element>
# type: sq_string
# elements: 1
# length: 9
BLOCKSIZE


# name: <cell-element>
# type: scalar
15


# name: <cell-element>
# type: scalar
15


# name: <cell-element>
# type: scalar
15


# name: <cell-element>
# type: scalar
15


# name: <cell-element>
# type: scalar
15


# name: <cell-element>
# type: scalar
15


# name: <cell-element>
# type: scalar
15


# name: <cell-element>
# type: scalar
15


# name: <cell-element>
# type: scalar
15


# name: <cell-element>
# type: scalar
15


# name: <cell-element>
# type: scalar
15


# name: <cell-element>
# type: scalar
15


# name: <cell-element>
# type: scalar
15


# name: <cell-element>
# type: scalar
15


# name: <cell-element>
# type: scalar
15


# name: <cell-element>
# type: scalar
2


# name: <cell-element>
# type: scalar
2


# name: <cell-element>
# type: scalar
2


# name: <cell-element>
# type: scalar
2


# name: <cell-element>
# type: scalar
4


# name: <cell-element>
# type: scalar
4


# name: <cell-element>
# type: scalar
4


# name: <cell-element>
# type: scalar
4


# name: <cell-element>
# type: scalar
2


# name: <cell-element>
# type: scalar
2


# name: <cell-element>
# type: scalar
4


# name: <cell-element>
# type: scalar
4


# name: <cell-element>
# type: scalar
4


# name: <cell-element>
# type: scalar
4


# name: <cell-element>
# type: scalar
3


# name: <cell-element>
# type: scalar
3


# name: <cell-element>
# type: scalar
3


# name: <cell-element>
# type: scalar
2


# name: <cell-element>
# type: scalar
2


# name: <cell-element>
# type: scalar
5


# name: <cell-element>
# type: scalar
5


# name: <cell-element>
# type: scalar
5


# name: <cell-element>
# type: scalar
5


# name: <cell-element>
# type: scalar
5


# name: <cell-element>
# type: scalar
6


# name: <cell-element>
# type: scalar
6


