# Created by Octave 7.3.0, Sat Mar 11 18:36:08 2023 GMT <unknown@DESKTOP-5CTUSPC>
# name: rawdata
# type: cell
# rows: 109
# columns: 8
# name: <cell-element>
# type: sq_string
# elements: 1
# length: 4
SUBN


# name: <cell-element>
# type: scalar
135550


# name: <cell-element>
# type: scalar
135550


# name: <cell-element>
# type: scalar
135550


# name: <cell-element>
# type: scalar
135550


# name: <cell-element>
# type: scalar
135550


# name: <cell-element>
# type: scalar
135550


# name: <cell-element>
# type: scalar
135550


# name: <cell-element>
# type: scalar
135550


# name: <cell-element>
# type: scalar
135550


# name: <cell-element>
# type: scalar
135550


# name: <cell-element>
# type: scalar
135550


# name: <cell-element>
# type: scalar
135550


# name: <cell-element>
# type: scalar
135550


# name: <cell-element>
# type: scalar
135550


# name: <cell-element>
# type: scalar
135550


# name: <cell-element>
# type: scalar
135550


# name: <cell-element>
# type: scalar
135550


# name: <cell-element>
# type: scalar
135550


# name: <cell-element>
# type: scalar
135550


# name: <cell-element>
# type: scalar
135550


# name: <cell-element>
# type: scalar
135550


# name: <cell-element>
# type: scalar
135550


# name: <cell-element>
# type: scalar
135550


# name: <cell-element>
# type: scalar
135550


# name: <cell-element>
# type: scalar
135550


# name: <cell-element>
# type: scalar
135550


# name: <cell-element>
# type: scalar
135550


# name: <cell-element>
# type: scalar
135550


# name: <cell-element>
# type: scalar
135550


# name: <cell-element>
# type: scalar
135550


# name: <cell-element>
# type: scalar
135550


# name: <cell-element>
# type: scalar
135550


# name: <cell-element>
# type: scalar
135550


# name: <cell-element>
# type: scalar
135550


# name: <cell-element>
# type: scalar
135550


# name: <cell-element>
# type: scalar
135550


# name: <cell-element>
# type: scalar
135550


# name: <cell-element>
# type: scalar
135550


# name: <cell-element>
# type: scalar
135550


# name: <cell-element>
# type: scalar
135550


# name: <cell-element>
# type: scalar
135550


# name: <cell-element>
# type: scalar
135550


# name: <cell-element>
# type: scalar
135550


# name: <cell-element>
# type: scalar
135550


# name: <cell-element>
# type: scalar
135550


# name: <cell-element>
# type: scalar
135550


# name: <cell-element>
# type: scalar
135550


# name: <cell-element>
# type: scalar
135550


# name: <cell-element>
# type: scalar
135550


# name: <cell-element>
# type: scalar
135550


# name: <cell-element>
# type: scalar
135550


# name: <cell-element>
# type: scalar
135550


# name: <cell-element>
# type: scalar
135550


# name: <cell-element>
# type: scalar
135550


# name: <cell-element>
# type: scalar
135550


# name: <cell-element>
# type: scalar
135550


# name: <cell-element>
# type: scalar
135550


# name: <cell-element>
# type: scalar
135550


# name: <cell-element>
# type: scalar
135550


# name: <cell-element>
# type: scalar
135550


# name: <cell-element>
# type: scalar
135550


# name: <cell-element>
# type: scalar
135550


# name: <cell-element>
# type: scalar
135550


# name: <cell-element>
# type: scalar
135550


# name: <cell-element>
# type: scalar
135550


# name: <cell-element>
# type: scalar
135550


# name: <cell-element>
# type: scalar
135550


# name: <cell-element>
# type: scalar
135550


# name: <cell-element>
# type: scalar
135550


# name: <cell-element>
# type: scalar
135550


# name: <cell-element>
# type: scalar
135550


# name: <cell-element>
# type: scalar
135550


# name: <cell-element>
# type: scalar
135550


# name: <cell-element>
# type: scalar
135550


# name: <cell-element>
# type: scalar
135550


# name: <cell-element>
# type: scalar
135550


# name: <cell-element>
# type: scalar
135550


# name: <cell-element>
# type: scalar
135550


# name: <cell-element>
# type: scalar
135550


# name: <cell-element>
# type: scalar
135550


# name: <cell-element>
# type: scalar
135550


# name: <cell-element>
# type: scalar
135550


# name: <cell-element>
# type: scalar
135550


# name: <cell-element>
# type: scalar
135550


# name: <cell-element>
# type: scalar
135550


# name: <cell-element>
# type: scalar
135550


# name: <cell-element>
# type: scalar
135550


# name: <cell-element>
# type: scalar
135550


# name: <cell-element>
# type: scalar
135550


# name: <cell-element>
# type: scalar
135550


# name: <cell-element>
# type: scalar
135550


# name: <cell-element>
# type: scalar
135550


# name: <cell-element>
# type: scalar
135550


# name: <cell-element>
# type: scalar
135550


# name: <cell-element>
# type: scalar
135550


# name: <cell-element>
# type: scalar
135550


# name: <cell-element>
# type: scalar
135550


# name: <cell-element>
# type: scalar
135550


# name: <cell-element>
# type: scalar
135550


# name: <cell-element>
# type: scalar
135550


# name: <cell-element>
# type: scalar
135550


# name: <cell-element>
# type: scalar
135550


# name: <cell-element>
# type: scalar
135550


# name: <cell-element>
# type: scalar
135550


# name: <cell-element>
# type: scalar
135550


# name: <cell-element>
# type: scalar
135550


# name: <cell-element>
# type: scalar
135550


# name: <cell-element>
# type: scalar
135550



# name: <cell-element>
# type: sq_string
# elements: 1
# length: 5
TRIAL


# name: <cell-element>
# type: scalar
1


# name: <cell-element>
# type: scalar
2


# name: <cell-element>
# type: scalar
3


# name: <cell-element>
# type: scalar
4


# name: <cell-element>
# type: scalar
5


# name: <cell-element>
# type: scalar
6


# name: <cell-element>
# type: scalar
7


# name: <cell-element>
# type: scalar
8


# name: <cell-element>
# type: scalar
9


# name: <cell-element>
# type: scalar
10


# name: <cell-element>
# type: scalar
11


# name: <cell-element>
# type: scalar
12


# name: <cell-element>
# type: scalar
13


# name: <cell-element>
# type: scalar
14


# name: <cell-element>
# type: scalar
15


# name: <cell-element>
# type: scalar
16


# name: <cell-element>
# type: scalar
17


# name: <cell-element>
# type: scalar
18


# name: <cell-element>
# type: scalar
19


# name: <cell-element>
# type: scalar
20


# name: <cell-element>
# type: scalar
21


# name: <cell-element>
# type: scalar
22


# name: <cell-element>
# type: scalar
23


# name: <cell-element>
# type: scalar
24


# name: <cell-element>
# type: scalar
25


# name: <cell-element>
# type: scalar
26


# name: <cell-element>
# type: scalar
27


# name: <cell-element>
# type: scalar
28


# name: <cell-element>
# type: scalar
29


# name: <cell-element>
# type: scalar
30


# name: <cell-element>
# type: scalar
31


# name: <cell-element>
# type: scalar
32


# name: <cell-element>
# type: scalar
33


# name: <cell-element>
# type: scalar
34


# name: <cell-element>
# type: scalar
35


# name: <cell-element>
# type: scalar
36


# name: <cell-element>
# type: scalar
37


# name: <cell-element>
# type: scalar
38


# name: <cell-element>
# type: scalar
39


# name: <cell-element>
# type: scalar
40


# name: <cell-element>
# type: scalar
41


# name: <cell-element>
# type: scalar
42


# name: <cell-element>
# type: scalar
43


# name: <cell-element>
# type: scalar
44


# name: <cell-element>
# type: scalar
45


# name: <cell-element>
# type: scalar
46


# name: <cell-element>
# type: scalar
47


# name: <cell-element>
# type: scalar
48


# name: <cell-element>
# type: scalar
49


# name: <cell-element>
# type: scalar
50


# name: <cell-element>
# type: scalar
51


# name: <cell-element>
# type: scalar
52


# name: <cell-element>
# type: scalar
53


# name: <cell-element>
# type: scalar
54


# name: <cell-element>
# type: scalar
1


# name: <cell-element>
# type: scalar
2


# name: <cell-element>
# type: scalar
3


# name: <cell-element>
# type: scalar
4


# name: <cell-element>
# type: scalar
5


# name: <cell-element>
# type: scalar
6


# name: <cell-element>
# type: scalar
7


